80
100486897.2
183424507.7
250876249.4
304714958.2
346637175.3
378176569.5
400716533.9
415501999.7
423650502.1
426162537.9
423931248.5
417751464
408328140.6
396284222.7
382167961.4
366459717.4
349578277.4
331886709.8
313697787.8
295279001.6
276857186.7
258622788.6
240733787
223319299.8
206482887.3
190305574.8
174848612.5
160155989.3
146256717.3
133166903.1
120891619.5
109426593
98759719.86
88872423.25
79740864.43
71337018.1
63629623.62
56585021.76
50167886.74
44341862.4
39070111.14
34315783.38
30042415.05
26214260.13
22796564.59
19755787.92
17059777.77
14677903.07
12581150.28
10742187.5
9135400.284
7736903.235
6524530.658
5477809.566
4577917.888
3807630.531
3151255.677
2594563.429
2124708.754
1730150.4
1400567.303
1126773.811
900634.8568
714982.0949
563531.8165
440805.3675
342052.64
263179.1032
200676.7322
151559.1
113300.8101
83781.37115
61233.5478
44196.15995
31471.25244
22085.51104
15255.76304
10358.36989
6902.293605
4505.6
